ntop128
1370328468 0
1370328469 0
1370328470 0
1370328471 0
1370328472 0
1370328473 0
1370328474 0
1370328475 0
1370328476 0
1370328477 0
1370328478 0
1370328479 0
1370328480 0
1370328481 0
1370328482 0
1370328483 0
1370328484 0
1370328485 0
1370328486 0
1370328487 512
1370328488 899
1370328489 979
1370328490 890
1370328491 940
1370328492 876
1370328493 932
1370328494 923
1370328496 931
1370328497 913
1370328498 915
1370328499 933
1370328500 971
1370328501 953
1370328502 925
1370328503 910
1370328504 927
1370328505 867
1370328506 842
1370328507 863
1370328508 846
1370328509 903
1370328510 937
1370328511 844
1370328512 862
1370328513 926
1370328514 914
1370328515 852
1370328516 879
1370328517 821
1370328518 844
1370328519 881
1370328520 985
1370328521 926
1370328522 907
1370328523 915
1370328524 917
1370328525 931
1370328526 919
1370328527 910
1370328528 948
1370328529 884
1370328530 877
1370328531 905
1370328532 868
1370328533 849
1370328534 860
1370328535 867
1370328536 938
1370328537 932
1370328538 913
1370328539 920
1370328540 952
1370328541 939
1370328542 946
1370328543 934
1370328544 931
1370328545 924
1370328546 938
1370328547 917
1370328548 916
1370328549 938
1370328550 907
1370328551 889
1370328552 885
1370328553 886
1370328554 906
1370328555 925
1370328556 931
1370328557 935
1370328558 875
1370328559 852
1370328560 851
1370328561 868
1370328562 946
1370328563 882
1370328564 900
1370328565 914
1370328566 909
1370328567 937
1370328568 918
1370328569 909
1370328570 928
1370328571 903
1370328572 987
1370328573 937
1370328574 926
1370328575 861
1370328576 509
1370328577 496
1370328578 510
1370328579 520
1370328580 840
1370328581 845
1370328582 846
1370328583 840
1370328584 890
1370328585 947
1370328586 858
1370328587 877
1370328588 866
1370328589 911
1370328590 921
1370328591 918
1370328592 911
1370328593 924
1370328594 884
1370328595 924
1370328596 862
1370328597 874
1370328598 845
1370328599 872
1370328600 847
1370328601 885
1370328603 839
1370328604 869
1370328605 892
1370328606 917
1370328607 859
1370328608 942
1370328609 940
1370328610 939
1370328611 939
1370328612 898
1370328613 887
1370328614 862
1370328615 918
1370328616 1011
1370328617 959
1370328618 717
1370328619 530
1370328620 581
1370328621 585
1370328622 572
1370328623 578
1370328624 572
1370328625 619
1370328626 922
1370328627 923
1370328628 939
1370328629 961
1370328630 1002
1370328631 909
1370328632 921
1370328633 647
1370328634 575
1370328635 582
1370328636 568
1370328637 525
1370328638 523
1370328639 525
1370328640 598
1370328641 864
1370328642 902
1370328643 918
1370328644 882
1370328645 868
1370328646 846
1370328647 879
1370328648 601
1370328649 520
1370328650 499
1370328651 523
1370328652 526
1370328653 545
1370328654 505
1370328655 595
1370328656 939
1370328657 905
1370328658 825
1370328659 867
1370328660 868
1370328661 887
1370328662 875
1370328663 627
1370328664 598
1370328665 577
1370328666 599
1370328667 528
1370328668 537
1370328669 514
1370328670 691
1370328671 887
1370328672 886
1370328673 855
1370328674 853
1370328675 865
1370328676 890
1370328677 868
1370328678 871
1370328679 849
1370328680 869
1370328681 881
1370328682 924
1370328683 914
1370328684 871
1370328685 947
1370328686 941
1370328687 951
1370328688 933
1370328689 936
1370328690 943
1370328691 927
1370328692 995
1370328693 967
1370328694 940
1370328695 945
1370328696 692
1370328697 558
1370328698 587
1370328699 589
1370328700 780
1370328701 956
1370328702 941
1370328703 919
1370328704 944
1370328705 1007
1370328706 938
1370328707 938
1370328708 950
1370328709 905
1370328710 934
1370328711 958
1370328712 950
1370328713 942
1370328714 943
1370328715 968
1370328716 964
1370328717 934
1370328718 949
1370328719 957
1370328720 926
1370328721 876
1370328723 895
1370328724 864
1370328725 871
1370328726 940
1370328727 871
1370328728 868
1370328729 879
1370328730 878
1370328731 852
1370328732 874
1370328733 835
1370328734 879
1370328735 891
1370328736 951
1370328737 905
1370328738 775
1370328739 518
1370328740 632
1370328741 621
1370328742 615
1370328743 577
1370328744 608
1370328745 599
1370328746 913
1370328747 955
1370328748 945
1370328749 953
1370328750 1036
1370328751 973
1370328752 961
1370328753 817
1370328754 623
1370328755 582
1370328756 615
1370328757 573
1370328758 602
1370328759 620
1370328760 580
1370328761 927
1370328762 968
1370328763 1001
1370328764 973
1370328765 945
1370328766 960
1370328767 896
1370328768 635
1370328769 586
1370328770 642
1370328771 676
1370328772 575
1370328773 545
1370328774 557
1370328775 547
1370328776 1022
1370328777 986
1370328778 861
1370328779 886
1370328780 882
1370328781 871
1370328782 909
1370328783 678
1370328784 527
1370328785 554
1370328786 543
1370328787 548
1370328788 645
1370328789 667
1370328790 669
1370328791 945
1370328792 939
1370328793 918
1370328794 923
1370328795 962
1370328796 966
1370328797 943
1370328798 961
1370328799 976
1370328800 989
1370328801 945
1370328802 967
1370328803 961
1370328804 956
1370328805 942
1370328806 957
1370328807 956
1370328808 933
1370328809 1019
1370328810 981
1370328811 925
1370328812 957
1370328813 951
1370328814 958
1370328815 969
1370328816 942
1370328817 585
1370328818 619
1370328819 579
1370328820 677
1370328821 950
1370328822 1027
1370328823 897
1370328824 928
1370328825 946
1370328826 938
1370328827 955
1370328828 950
1370328829 919
1370328830 936
1370328831 952
1370328832 1024
1370328833 969
1370328834 930
1370328835 828
1370328836 954
1370328837 932
1370328838 952
1370328840 958
1370328841 904
1370328842 963
1370328843 1017
1370328844 979
1370328845 929
1370328846 946
1370328847 920
1370328848 938
1370328849 945
1370328850 958
1370328851 951
1370328852 939
1370328853 965
1370328854 975
1370328855 953
1370328856 640
1370328857 897
1370328858 957
1370328859 619
1370328860 611
1370328861 570
1370328862 593
1370328863 573
1370328864 487
1370328865 541
1370328866 772
1370328867 893
1370328868 929
1370328869 996
1370328870 917
1370328871 841
1370328872 872
1370328873 872
1370328874 516
1370328875 554
1370328876 507
1370328877 486
1370328878 521
1370328879 479
1370328880 495
1370328881 688
1370328882 826
1370328883 989
1370328884 983
1370328885 996
1370328886 999
1370328887 1000
1370328888 854
1370328889 620
1370328890 610
1370328891 623
1370328892 636
1370328893 592
1370328894 641
1370328895 592
1370328896 905
1370328897 1004
1370328898 922
1370328899 919
1370328900 902
1370328901 874
1370328902 904
1370328903 722
1370328904 524
