1370329858 940
1370329859 946
1370329860 943
1370329861 984
1370329862 994
1370329863 935
1370329864 967
1370329865 745
1370329866 683
1370329867 642
1370329868 675
1370329869 685
1370329870 646
1370329871 675
1370329872 738
1370329873 931
1370329874 967
1370329875 952
1370329876 903
1370329877 899
1370329878 936
1370329879 924
1370329880 735
1370329881 679
1370329882 650
1370329883 684
1370329884 663
1370329885 658
1370329886 650
1370329887 803
1370329888 1026
1370329889 958
1370329890 963
1370329891 913
1370329892 930
1370329893 925
1370329894 954
1370329895 938
1370329896 953
1370329897 961
1370329898 997
1370329899 1020
1370329900 902
1370329901 956
1370329902 914
1370329903 966
1370329904 951
1370329905 968
1370329906 966
1370329907 956
1370329908 1003
1370329909 959
1370329910 988
1370329911 961
1370329912 954
1370329913 909
1370329914 630
1370329915 624
1370329916 628
1370329917 807
1370329918 971
1370329919 959
1370329920 869
1370329921 919
1370329922 1040
1370329923 974
1370329924 972
1370329925 967
1370329926 989
1370329927 926
1370329928 933
1370329929 901
1370329930 936
1370329931 872
1370329932 924
1370329933 916
1370329934 914
1370329935 982
1370329936 943
1370329937 951
1370329938 957
1370329939 918
1370329940 917
1370329941 987
1370329942 1040
1370329943 979
1370329944 912
1370329945 925
1370329946 956
1370329947 966
1370329948 951
1370329949 945
1370329950 937
1370329951 928
1370329952 948
1370329953 962
1370329954 795
1370329955 655
1370329956 663
1370329957 684
