1370328804 956
1370328805 942
1370328806 957
1370328807 956
1370328808 933
1370328809 1019
1370328810 981
1370328811 925
1370328812 957
1370328813 951
1370328814 958
1370328815 969
1370328816 942
1370328817 585
1370328818 619
1370328819 579
1370328820 677
1370328821 950
1370328822 1027
1370328823 897
1370328824 928
1370328825 946
1370328826 938
1370328827 955
1370328828 950
1370328829 919
1370328830 936
1370328831 952
1370328832 1024
1370328833 969
1370328834 930
1370328835 828
1370328836 954
1370328837 932
1370328838 952
1370328840 958
1370328841 904
1370328842 963
1370328843 1017
1370328844 979
1370328845 929
1370328846 946
1370328847 920
1370328848 938
1370328849 945
1370328850 958
1370328851 951
1370328852 939
1370328853 965
1370328854 975
1370328855 953
1370328856 640
1370328857 897
1370328858 957
1370328859 619
1370328860 611
1370328861 570
1370328862 593
1370328863 573
1370328864 487
1370328865 541
1370328866 772
1370328867 893
1370328868 929
1370328869 996
1370328870 917
1370328871 841
1370328872 872
1370328873 872
1370328874 516
1370328875 554
1370328876 507
1370328877 486
1370328878 521
1370328879 479
1370328880 495
1370328881 688
1370328882 826
1370328883 989
1370328884 983
1370328885 996
1370328886 999
1370328887 1000
1370328888 854
1370328889 620
1370328890 610
1370328891 623
1370328892 636
1370328893 592
1370328894 641
1370328895 592
1370328896 905
1370328897 1004
1370328898 922
1370328899 919
1370328900 902
1370328901 874
1370328902 904
1370328903 722
1370328904 524
