201305271333 1770
201305271346 3179
201305271347 1873
201305271344 3165
201305271345 1904
201305271342 3157
201305271343 1937
201305271340 3154
201305271341 1972
201305271402 3069
201305271348 3197
201305271349 1923
201305271328 2413
201305271329 2946
201305271412 3312
201305271413 1806
201305271410 2942
201305271411 1148
201305271416 2523
201305271417 1925
201305271414 3178
201305271415 541
201305271430 402
201305271418 3155
201305271419 1561
201305271351 1984
201305271350 3142
201305271353 1944
201305271352 3094
201305271355 1924
201305271354 3122
201305271357 1909
201305271356 3170
201305271359 2011
201305271358 3101
201305271403 2002
201305271332 3345
201305271337 1949
201305271336 3172
201305271335 1935
201305271334 3175
201305271409 2105
201305271408 3016
201305271331 1786
201305271330 3335
201305271405 1973
201305271404 3010
201305271407 1834
201305271406 3081
201305271401 2005
201305271400 3017
201305271339 1964
201305271338 3154
201305271427 2650
201305271426 1271
201305271425 52
201305271424 1024
201305271423 3579
201305271422 1491
201305271421 3117
201305271420 100
201305271429 2484
201305271428 2446
