4_32KB
1369299533 731
1369299534 708
1369299535 697
1369299536 11
1369299537 5
1369299538 0
1369299539 0
1369299540 16
1369299541 0
1369299542 0
1369299543 34
1369299544 8
1369299545 6
1369299546 8
1369299547 6
1369299548 13
1369299549 3
1369299550 0
1369299551 8
1369299552 3
1369299553 11
1369299554 16
1369299555 21
1369299556 10
1369299557 4
1369299558 15
1369299559 29
1369299560 0
1369299561 7
1369299562 2
1369299563 5
1369299564 6
1369299565 12
1369299566 5
1369299567 4
1369299568 15
1369299569 21
1369299570 5
1369299571 6
1369299572 26
1369299573 5
1369299574 0
1369299575 12
1369299576 0
1369299577 17
1369299578 14
1369299579 17
1369299580 23
1369299581 9
1369299582 20
1369299584 24
1369299585 2
1369299586 10
1369299587 30
1369299588 16
1369299589 13
1369299590 14
1369299591 14
1369299592 18
1369299593 11
1369299594 30
1369299595 5
1369299596 3
1369299597 10
1369299598 22
1369299599 17
1369299600 21
1369299601 15
1369299602 31
1369299603 35
1369299604 9
1369299605 11
1369299606 21
1369299607 20
1369299608 23
1369299609 27
1369299610 30
1369299611 16
1369299612 12
1369299613 17
1369299614 14
1369299615 31
1369299616 8
1369299617 25
1369299618 19
1369299619 10
1369299620 33
1369299621 37
1369299622 16
1369299623 30
1369299624 25
1369299625 12
1369299626 15
1369299627 18
1369299628 21
1369299629 30
1369299630 19
1369299631 20
1369299632 20
1369299633 26
1369299634 25
1369299635 17
1369299636 24
1369299637 27
1369299638 23
1369299639 20
1369299640 319
1369299641 709
1369299642 666
1369299643 697
1369299644 17
1369299645 9
1369299646 39
1369299647 34
1369299648 31
1369299649 6
1369299650 5
1369299651 8
1369299652 13
1369299653 24
1369299654 9
1369299655 23
1369299656 19
1369299657 45
1369299658 22
1369299659 27
1369299660 32
1369299661 17
1369299662 20
1369299663 22
1369299664 16
1369299665 40
1369299666 28
1369299667 31
1369299668 25
1369299669 31
1369299670 16
1369299671 15
1369299672 24
1369299673 35
1369299674 21
1369299675 26
1369299676 44
1369299677 35
1369299678 30
1369299679 22
1369299680 15
1369299681 16
1369299682 29
1369299683 32
1369299684 19
1369299685 34
1369299686 20
1369299687 18
1369299688 7
1369299689 21
1369299690 16
1369299691 25
1369299692 18
1369299693 31
1369299694 16
1369299695 22
1369299696 14
1369299697 37
1369299698 19
1369299699 23
1369299700 37
1369299701 41
1369299702 29
1369299703 25
1369299705 16
1369299706 32
1369299707 27
1369299708 34
1369299709 30
1369299710 25
1369299711 33
1369299712 27
1369299713 11
1369299714 30
1369299715 13
1369299716 34
1369299717 18
1369299718 34
1369299719 12
1369299720 20
1369299721 22
1369299722 27
1369299723 26
1369299724 15
1369299725 19
1369299726 19
1369299727 20
1369299728 16
1369299729 4
1369299730 6
1369299731 29
1369299732 20
1369299733 22
1369299734 23
1369299735 5
1369299736 15
1369299737 31
1369299738 18
1369299739 26
1369299740 3
1369299741 12
1369299742 16
1369299743 24
1369299744 18
1369299745 17
1369299746 12
1369299747 20
1369299748 20
1369299749 17
1369299750 36
1369299751 15
1369299752 10
1369299753 24
1369299754 11
1369299755 18
1369299756 16
1369299757 11
1369299758 15
1369299759 15
1369299760 233
1369299761 770
1369299762 722
1369299763 664
1369299764 133
1369299765 7
1369299766 0
1369299767 4
1369299768 9
1369299769 5
1369299770 15
1369299771 0
1369299772 5
1369299773 0
1369299774 3
1369299775 0
1369299776 1
1369299777 8
1369299778 4
1369299779 13
1369299780 0
1369299781 1
1369299782 1
1369299783 4
1369299784 1
1369299785 1
1369299786 0
1369299787 0
1369299788 6
1369299789 5
1369299790 14
1369299791 14
1369299792 1
1369299793 4
1369299794 0
1369299795 2
1369299796 4
1369299797 11
1369299798 0
1369299799 0
1369299800 0
1369299801 5
1369299802 6
1369299803 1
1369299804 1
1369299805 10
1369299806 0
1369299807 2
1369299808 0
1369299809 5
1369299810 5
1369299811 3
1369299812 3
1369299813 2
1369299814 1
1369299815 2
1369299816 0
1369299817 7
1369299818 3
1369299819 0
1369299820 0
1369299821 0
1369299822 0
1369299823 0
1369299824 0
1369299825 5
1369299827 34
1369299828 26
1369299829 0
1369299830 0
1369299831 0
1369299832 9
1369299833 0
1369299834 0
1369299835 2
1369299836 0
1369299837 0
1369299838 0
1369299839 3
1369299840 2
1369299841 0
1369299842 0
1369299843 0
1369299844 0
1369299845 19
1369299846 3
