1369302191 0
1369302192 0
1369302193 0
1369302194 0
1369302195 0
1369302196 0
1369302197 0
1369302198 0
1369302199 0
1369302200 0
1369302201 0
1369302202 0
1369302203 0
1369302204 0
1369302205 0
1369302206 0
1369302207 0
1369302208 0
1369302209 0
1369302210 0
1369302211 0
1369302212 0
1369302213 0
1369302214 0
1369302215 0
1369302216 0
1369302217 0
1369302218 0
1369302219 0
1369302220 0
1369302221 0
1369302222 0
1369302223 0
1369302224 0
1369302225 0
1369302226 0
1369302227 0
1369302228 0
1369302229 0
1369302230 0
1369302231 0
1369302232 0
1369302233 0
1369302234 0
1369302235 0
1369302236 0
1369302237 0
1369302238 0
1369302239 0
1369302240 0
1369302241 0
1369302242 0
1369302243 0
1369302244 0
1369302245 0
1369302246 0
1369302247 0
1369302248 0
1369302249 0
1369302250 0
1369302251 0
1369302252 0
1369302253 0
1369302254 0
1369302255 0
1369302256 0
1369302257 0
1369302258 0
1369302259 0
1369302260 0
1369302261 0
1369302262 0
1369302263 0
1369302264 0
1369302265 0
1369302266 0
1369302267 0
1369302268 0
1369302269 0
1369302270 0
1369302271 0
1369302272 0
1369302273 0
1369302274 0
1369302275 0
1369302276 0
1369302277 0
1369302278 0
1369302279 0
1369302280 0
1369302281 0
1369302282 0
1369302283 0
1369302284 0
1369302285 0
1369302286 0
1369302287 0
1369302288 0
1369302289 0
1369302290 0
