1370328310 928
1370328311 895
1370328312 963
1370328313 901
1370328314 845
1370328315 839
1370328316 766
1370328317 508
1370328318 494
1370328319 530
1370328320 551
1370328321 599
1370328322 592
1370328323 600
1370328324 750
1370328325 839
1370328326 913
1370328327 879
1370328328 840
1370328329 902
1370328330 904
1370328331 854
1370328332 572
1370328333 569
1370328334 587
1370328335 566
1370328336 565
1370328337 496
1370328338 507
1370328339 721
1370328340 904
1370328341 873
1370328342 848
1370328343 843
1370328344 909
1370328345 897
1370328346 890
1370328347 919
1370328348 877
1370328349 892
1370328350 961
1370328351 1007
1370328352 891
1370328353 908
1370328354 895
1370328355 936
1370328356 908
1370328357 945
1370328359 907
1370328360 936
1370328361 891
1370328362 948
1370328363 982
1370328364 923
1370328365 588
1370328366 565
1370328367 563
1370328368 567
1370328369 582
1370328370 748
1370328371 856
1370328372 859
1370328373 847
1370328374 893
1370328375 876
1370328376 836
1370328377 782
1370328378 510
1370328379 515
1370328380 557
1370328381 570
1370328382 579
1370328383 565
1370328384 603
1370328385 855
1370328386 910
1370328387 942
1370328388 960
1370328389 948
1370328390 898
1370328391 870
1370328392 899
1370328393 915
1370328394 911
1370328395 901
1370328396 937
1370328397 890
1370328398 906
1370328399 954
1370328400 975
1370328401 909
1370328402 911
1370328403 900
1370328404 924
1370328405 902
1370328406 914
1370328407 913
1370328408 916
1370328409 882
1370328410 919
