4_64KB
1369301270 457
1369301271 222
1369301272 0
1369301273 0
1369301274 0
1369301275 0
1369301276 0
1369301277 0
1369301278 0
1369301279 0
1369301280 0
1369301281 0
1369301282 0
1369301283 0
1369301284 0
1369301285 0
1369301286 0
1369301287 0
1369301288 0
1369301289 0
1369301290 0
1369301291 0
1369301292 0
1369301293 0
1369301294 0
1369301295 0
1369301296 0
1369301297 0
1369301298 0
1369301299 0
1369301300 0
1369301301 0
1369301302 0
1369301303 0
1369301304 0
1369301305 0
1369301306 0
1369301307 0
1369301308 0
1369301309 0
1369301310 0
1369301311 0
1369301312 0
1369301313 0
1369301314 0
1369301315 0
1369301316 0
1369301317 0
1369301318 0
1369301319 0
1369301320 0
1369301321 0
1369301322 0
1369301323 0
1369301324 0
1369301325 0
1369301326 0
1369301327 0
1369301328 0
1369301329 0
1369301330 0
1369301331 0
1369301332 0
1369301333 0
1369301334 0
1369301335 0
1369301336 0
1369301337 0
1369301338 0
1369301339 0
1369301340 0
1369301341 0
1369301342 0
1369301343 0
1369301344 0
1369301345 0
1369301346 0
1369301347 0
1369301348 0
1369301349 0
1369301350 0
1369301351 0
1369301352 0
1369301353 0
1369301354 0
1369301355 0
1369301356 0
1369301357 0
1369301358 0
1369301359 0
1369301360 0
1369301361 0
1369301362 0
1369301363 0
1369301364 0
1369301365 0
1369301366 0
1369301367 0
1369301368 0
1369301369 0
1369301370 0
1369301371 0
1369301373 0
1369301374 0
1369301375 193
1369301376 502
1369301377 411
1369301378 0
1369301379 0
1369301380 0
1369301381 0
1369301382 0
1369301383 0
1369301384 0
1369301385 0
1369301386 0
1369301387 0
1369301388 0
1369301389 0
1369301390 0
1369301391 0
1369301392 0
1369301393 0
1369301394 0
1369301395 0
1369301396 0
1369301397 0
1369301398 0
1369301399 0
1369301400 0
1369301401 0
1369301402 0
1369301403 0
1369301404 0
1369301405 0
1369301406 0
1369301407 0
1369301408 0
1369301409 0
1369301410 0
1369301411 0
1369301412 0
1369301413 0
1369301414 0
1369301415 0
1369301416 0
1369301417 0
1369301418 0
1369301419 0
1369301420 0
1369301421 0
1369301422 0
1369301423 0
1369301424 0
1369301425 0
1369301426 0
1369301427 0
1369301428 0
1369301429 0
1369301430 0
1369301431 0
1369301432 0
1369301433 0
1369301434 0
1369301435 0
1369301436 0
1369301437 0
1369301438 0
1369301439 0
1369301440 0
1369301441 0
1369301442 0
1369301443 0
1369301444 0
1369301445 0
1369301446 0
1369301447 0
1369301448 0
1369301449 0
1369301450 0
1369301451 0
1369301452 0
1369301453 0
1369301454 0
1369301455 0
1369301456 0
1369301457 0
1369301458 0
1369301459 0
1369301460 0
1369301461 0
1369301462 0
1369301463 0
1369301464 0
1369301465 0
1369301466 0
1369301467 0
1369301468 0
1369301469 0
1369301470 0
1369301471 0
1369301472 0
1369301473 0
1369301474 0
1369301475 0
1369301476 0
1369301477 0
1369301478 0
1369301479 0
1369301480 0
1369301481 0
1369301482 0
1369301483 0
1369301484 0
1369301485 0
1369301486 0
1369301487 0
1369301488 0
1369301489 0
1369301490 0
1369301491 0
1369301492 0
1369301493 0
1369301495 127
1369301496 363
1369301497 335
1369301498 18
1369301499 0
1369301500 0
1369301501 0
1369301502 0
1369301503 0
1369301504 0
1369301505 0
1369301506 0
1369301507 0
1369301508 0
1369301509 0
1369301510 0
1369301511 0
1369301512 0
1369301513 0
1369301514 0
1369301515 0
1369301516 0
1369301517 0
1369301518 0
1369301519 0
1369301520 0
1369301521 0
1369301522 0
1369301523 0
1369301524 0
1369301525 0
1369301526 0
1369301527 0
1369301528 0
1369301529 0
1369301530 0
1369301531 0
1369301532 0
1369301533 0
1369301534 0
1369301535 0
1369301536 0
1369301537 0
1369301538 0
1369301539 0
1369301540 0
1369301541 0
1369301542 0
1369301543 0
1369301544 0
1369301545 0
1369301546 0
1369301547 0
1369301548 0
1369301549 0
1369301550 0
1369301551 0
1369301552 0
1369301553 0
1369301554 0
1369301555 0
1369301556 0
1369301557 0
1369301558 0
1369301559 0
1369301560 0
1369301561 0
1369301562 0
1369301563 0
1369301564 0
1369301565 0
1369301566 0
1369301567 0
1369301568 0
1369301569 0
1369301570 0
1369301571 0
1369301572 0
1369301573 0
1369301574 0
1369301575 0
1369301576 0
1369301577 0
1369301578 0
1369301579 0
1369301580 0
1369301581 0
1369301582 0
1369301583 0
