ntop32_1
1370329566 0
1370329567 0
1370329568 0
1370329569 0
1370329570 0
1370329571 0
1370329572 0
1370329573 0
1370329574 0
1370329575 0
1370329576 0
1370329577 0
1370329578 0
1370329579 0
1370329580 0
1370329581 0
1370329582 0
1370329583 0
1370329584 0
1370329585 0
1370329586 0
1370329587 787
1370329588 930
1370329589 944
1370329590 902
1370329591 935
1370329592 894
1370329593 956
1370329594 933
1370329595 913
1370329596 1003
1370329597 907
1370329598 922
1370329599 950
1370329600 918
1370329601 944
1370329602 936
1370329603 909
1370329604 936
1370329605 926
1370329606 939
1370329607 976
1370329608 891
1370329609 893
1370329610 911
1370329611 911
1370329612 955
1370329613 944
1370329615 870
1370329616 899
1370329617 908
1370329618 912
1370329619 961
1370329620 926
1370329621 847
1370329622 943
1370329623 945
1370329624 948
1370329625 940
1370329626 932
1370329627 932
1370329628 941
1370329629 992
1370329630 967
1370329631 919
1370329632 971
1370329633 920
1370329634 918
1370329635 935
1370329636 937
1370329637 950
1370329638 903
1370329639 928
1370329640 946
1370329641 942
1370329642 886
1370329643 873
1370329644 940
1370329645 940
1370329646 912
1370329647 944
1370329648 936
1370329649 921
1370329650 991
1370329651 922
1370329652 939
1370329653 898
1370329654 890
1370329655 924
1370329656 930
1370329657 933
1370329658 936
1370329659 903
1370329660 947
1370329661 961
1370329662 955
1370329663 888
1370329664 948
1370329665 947
1370329666 931
1370329667 917
1370329668 954
1370329669 927
1370329670 925
1370329671 967
1370329672 948
1370329673 671
1370329674 633
1370329675 650
1370329676 732
1370329677 907
1370329678 921
1370329679 931
1370329680 897
1370329681 895
1370329682 948
1370329683 997
1370329684 954
1370329685 962
1370329686 918
1370329687 908
1370329688 876
1370329689 895
1370329690 908
1370329691 922
1370329692 927
1370329693 918
1370329694 1008
1370329695 977
1370329696 948
1370329697 911
1370329698 920
1370329699 897
1370329700 948
1370329701 960
1370329702 930
1370329703 949
1370329704 943
1370329705 1016
1370329706 899
1370329707 925
1370329708 890
1370329709 927
1370329710 957
1370329711 908
1370329712 946
1370329713 946
1370329714 663
1370329715 677
1370329716 713
1370329717 643
1370329718 650
1370329719 634
1370329720 663
1370329721 796
1370329722 886
1370329723 902
1370329725 939
1370329726 922
1370329727 959
1370329728 912
1370329729 876
1370329730 716
1370329731 647
1370329732 666
1370329733 653
1370329734 601
1370329735 647
1370329736 668
1370329737 828
1370329738 913
1370329739 929
1370329740 924
1370329741 817
1370329742 784
1370329743 942
1370329744 857
1370329745 645
1370329746 639
1370329747 612
1370329748 628
1370329749 616
1370329750 659
1370329751 667
1370329752 763
1370329753 876
1370329754 927
1370329755 934
1370329756 948
1370329757 1016
1370329758 899
1370329759 944
1370329760 679
1370329761 659
1370329762 623
1370329763 579
1370329764 594
1370329765 662
1370329766 639
1370329767 871
1370329768 905
1370329769 951
1370329770 994
1370329771 905
1370329772 913
1370329773 950
1370329774 941
1370329775 962
1370329776 953
1370329777 937
1370329778 913
1370329779 901
1370329780 1014
1370329781 936
1370329782 912
1370329783 923
1370329784 881
1370329785 934
1370329786 898
1370329787 915
1370329788 953
1370329789 936
1370329790 920
1370329791 964
1370329792 1043
1370329793 667
1370329794 638
1370329795 657
1370329796 647
1370329797 932
1370329798 883
1370329799 894
1370329800 951
1370329801 852
1370329802 915
1370329803 963
1370329804 966
1370329805 899
1370329806 896
1370329807 887
1370329808 951
1370329809 962
1370329810 943
1370329811 976
1370329812 847
1370329813 968
1370329814 1033
1370329815 967
1370329816 959
1370329817 899
1370329818 973
1370329819 917
1370329820 953
1370329821 939
1370329822 965
1370329823 1001
1370329824 1002
1370329825 924
1370329826 922
1370329827 939
1370329828 944
1370329829 961
1370329830 916
1370329831 931
1370329832 928
1370329833 1017
1370329834 873
1370329835 668
1370329836 620
1370329837 626
1370329838 656
1370329839 642
1370329840 684
1370329841 715
1370329843 923
1370329844 903
1370329845 908
1370329846 933
1370329847 983
1370329848 922
1370329849 918
1370329850 658
1370329851 662
1370329852 625
1370329853 629
1370329854 626
1370329855 619
1370329856 676
1370329857 707
1370329858 940
1370329859 946
1370329860 943
1370329861 984
1370329862 994
1370329863 935
1370329864 967
1370329865 745
1370329866 683
1370329867 642
1370329868 675
1370329869 685
1370329870 646
1370329871 675
1370329872 738
1370329873 931
1370329874 967
1370329875 952
1370329876 903
1370329877 899
1370329878 936
1370329879 924
1370329880 735
1370329881 679
1370329882 650
1370329883 684
1370329884 663
1370329885 658
1370329886 650
1370329887 803
1370329888 1026
1370329889 958
1370329890 963
1370329891 913
1370329892 930
1370329893 925
1370329894 954
1370329895 938
1370329896 953
1370329897 961
1370329898 997
1370329899 1020
1370329900 902
1370329901 956
1370329902 914
1370329903 966
1370329904 951
1370329905 968
1370329906 966
1370329907 956
1370329908 1003
1370329909 959
1370329910 988
1370329911 961
1370329912 954
1370329913 909
1370329914 630
1370329915 624
1370329916 628
1370329917 807
1370329918 971
1370329919 959
1370329920 869
1370329921 919
1370329922 1040
1370329923 974
1370329924 972
1370329925 967
1370329926 989
1370329927 926
1370329928 933
1370329929 901
1370329930 936
1370329931 872
1370329932 924
1370329933 916
1370329934 914
1370329935 982
1370329936 943
1370329937 951
1370329938 957
1370329939 918
1370329940 917
1370329941 987
1370329942 1040
1370329943 979
1370329944 912
1370329945 925
1370329946 956
1370329947 966
1370329948 951
1370329949 945
1370329950 937
1370329951 928
1370329952 948
1370329953 962
1370329954 795
1370329955 655
1370329956 663
1370329957 684
