ntop64
1370328006 0
1370328007 0
1370328008 0
1370328009 0
1370328010 0
1370328012 0
1370328013 0
1370328014 0
1370328015 0
1370328016 0
1370328017 0
1370328018 0
1370328019 0
1370328020 0
1370328021 0
1370328022 0
1370328023 0
1370328024 0
1370328025 0
1370328026 0
1370328027 0
1370328028 0
1370328029 0
1370328030 0
1370328031 0
1370328032 0
1370328033 0
1370328034 0
1370328035 0
1370328036 0
1370328037 0
1370328038 0
1370328039 0
1370328040 209
1370328041 810
1370328042 838
1370328043 828
1370328044 849
1370328045 893
1370328046 903
1370328047 895
1370328048 943
1370328049 902
1370328050 843
1370328051 852
1370328052 826
1370328053 837
1370328054 866
1370328055 877
1370328056 892
1370328057 900
1370328058 883
1370328059 931
1370328060 981
1370328061 898
1370328062 895
1370328063 914
1370328064 901
1370328065 903
1370328066 905
1370328067 884
1370328068 897
1370328069 905
1370328070 965
1370328071 952
1370328072 886
1370328073 901
1370328074 884
1370328075 912
1370328076 891
1370328077 911
1370328078 824
1370328079 820
1370328080 886
1370328081 856
1370328082 837
1370328083 844
1370328084 825
1370328085 837
1370328086 823
1370328087 843
1370328088 853
1370328089 853
1370328090 915
1370328091 847
1370328092 827
1370328093 855
1370328094 868
1370328095 908
1370328096 925
1370328097 884
1370328098 909
1370328099 871
1370328100 904
1370328101 840
1370328102 845
1370328103 823
1370328104 844
1370328105 828
1370328106 810
1370328107 839
1370328108 842
1370328109 879
1370328110 940
1370328111 969
1370328112 894
1370328113 863
1370328114 868
1370328115 830
1370328116 876
1370328117 1024
1370328119 879
1370328120 912
1370328121 884
1370328122 964
1370328123 955
1370328124 652
1370328125 471
1370328126 515
1370328127 494
1370328128 536
1370328129 708
1370328130 907
1370328131 892
1370328132 871
1370328133 921
1370328134 945
1370328135 965
1370328136 872
1370328137 545
1370328138 536
1370328139 530
1370328140 540
1370328141 522
1370328142 526
1370328143 539
1370328144 718
1370328145 856
1370328146 832
1370328147 834
1370328148 879
1370328149 893
1370328150 838
1370328151 834
1370328152 825
1370328153 843
1370328154 821
1370328155 917
1370328156 899
1370328157 875
1370328158 974
1370328159 924
1370328160 829
1370328161 866
1370328162 850
1370328163 811
1370328164 869
1370328165 851
1370328166 820
1370328167 838
1370328168 842
1370328169 887
1370328170 957
1370328171 915
1370328172 920
1370328173 927
1370328174 892
1370328175 896
1370328176 891
1370328177 921
1370328178 900
1370328179 891
1370328180 948
1370328181 819
1370328182 585
1370328183 564
1370328184 529
1370328185 548
1370328186 558
1370328187 532
1370328188 537
1370328189 797
1370328190 907
1370328191 910
1370328192 924
1370328193 903
1370328194 925
1370328195 974
1370328196 775
1370328197 532
1370328198 562
1370328199 477
1370328200 491
1370328201 481
1370328202 471
1370328203 498
1370328204 794
1370328205 805
1370328206 819
1370328207 840
1370328208 931
1370328209 865
1370328210 838
1370328211 758
1370328212 538
1370328213 568
1370328214 485
1370328215 482
1370328216 457
1370328217 542
1370328218 556
1370328219 869
1370328220 916
1370328221 908
1370328222 960
1370328223 906
1370328224 897
1370328225 908
1370328226 915
1370328227 902
1370328228 912
1370328229 838
1370328230 856
1370328231 862
1370328232 877
1370328233 879
1370328234 866
1370328235 880
1370328236 826
1370328237 848
1370328238 842
1370328239 894
1370328241 905
1370328242 885
1370328243 921
1370328244 824
1370328245 544
1370328246 562
1370328247 520
1370328248 578
1370328249 576
1370328250 911
1370328251 893
1370328252 914
1370328253 879
1370328254 911
1370328255 908
1370328256 963
1370328257 784
1370328258 570
1370328259 525
1370328260 509
1370328261 489
1370328262 484
1370328263 498
1370328264 554
1370328265 820
1370328266 845
1370328267 866
1370328268 844
1370328269 899
1370328270 888
1370328271 805
1370328272 845
1370328273 859
1370328274 840
1370328275 843
1370328276 825
1370328277 859
1370328278 922
1370328279 952
1370328280 966
1370328281 907
1370328282 922
1370328283 884
1370328284 911
1370328285 907
1370328286 915
1370328287 920
1370328288 901
1370328289 896
1370328290 928
1370328291 956
1370328292 944
1370328293 918
1370328294 906
1370328295 897
1370328296 898
1370328297 924
1370328298 911
1370328299 904
1370328300 959
1370328301 929
1370328302 631
1370328303 555
1370328304 555
1370328305 537
1370328306 573
1370328307 531
1370328308 544
1370328309 728
1370328310 928
1370328311 895
1370328312 963
1370328313 901
1370328314 845
1370328315 839
1370328316 766
1370328317 508
1370328318 494
1370328319 530
1370328320 551
1370328321 599
1370328322 592
1370328323 600
1370328324 750
1370328325 839
1370328326 913
1370328327 879
1370328328 840
1370328329 902
1370328330 904
1370328331 854
1370328332 572
1370328333 569
1370328334 587
1370328335 566
1370328336 565
1370328337 496
1370328338 507
1370328339 721
1370328340 904
1370328341 873
1370328342 848
1370328343 843
1370328344 909
1370328345 897
1370328346 890
1370328347 919
1370328348 877
1370328349 892
1370328350 961
1370328351 1007
1370328352 891
1370328353 908
1370328354 895
1370328355 936
1370328356 908
1370328357 945
1370328359 907
1370328360 936
1370328361 891
1370328362 948
1370328363 982
1370328364 923
1370328365 588
1370328366 565
1370328367 563
1370328368 567
1370328369 582
1370328370 748
1370328371 856
1370328372 859
1370328373 847
1370328374 893
1370328375 876
1370328376 836
1370328377 782
1370328378 510
1370328379 515
1370328380 557
1370328381 570
1370328382 579
1370328383 565
1370328384 603
1370328385 855
1370328386 910
1370328387 942
1370328388 960
1370328389 948
1370328390 898
1370328391 870
1370328392 899
1370328393 915
1370328394 911
1370328395 901
1370328396 937
1370328397 890
1370328398 906
1370328399 954
1370328400 975
1370328401 909
1370328402 911
1370328403 900
1370328404 924
1370328405 902
1370328406 914
1370328407 913
1370328408 916
1370328409 882
1370328410 919
