1369301483 0
1369301484 0
1369301485 0
1369301486 0
1369301487 0
1369301488 0
1369301489 0
1369301490 0
1369301491 0
1369301492 0
1369301493 0
1369301495 127
1369301496 363
1369301497 335
1369301498 18
1369301499 0
1369301500 0
1369301501 0
1369301502 0
1369301503 0
1369301504 0
1369301505 0
1369301506 0
1369301507 0
1369301508 0
1369301509 0
1369301510 0
1369301511 0
1369301512 0
1369301513 0
1369301514 0
1369301515 0
1369301516 0
1369301517 0
1369301518 0
1369301519 0
1369301520 0
1369301521 0
1369301522 0
1369301523 0
1369301524 0
1369301525 0
1369301526 0
1369301527 0
1369301528 0
1369301529 0
1369301530 0
1369301531 0
1369301532 0
1369301533 0
1369301534 0
1369301535 0
1369301536 0
1369301537 0
1369301538 0
1369301539 0
1369301540 0
1369301541 0
1369301542 0
1369301543 0
1369301544 0
1369301545 0
1369301546 0
1369301547 0
1369301548 0
1369301549 0
1369301550 0
1369301551 0
1369301552 0
1369301553 0
1369301554 0
1369301555 0
1369301556 0
1369301557 0
1369301558 0
1369301559 0
1369301560 0
1369301561 0
1369301562 0
1369301563 0
1369301564 0
1369301565 0
1369301566 0
1369301567 0
1369301568 0
1369301569 0
1369301570 0
1369301571 0
1369301572 0
1369301573 0
1369301574 0
1369301575 0
1369301576 0
1369301577 0
1369301578 0
1369301579 0
1369301580 0
1369301581 0
1369301582 0
1369301583 0
