1369299746 12
1369299747 20
1369299748 20
1369299749 17
1369299750 36
1369299751 15
1369299752 10
1369299753 24
1369299754 11
1369299755 18
1369299756 16
1369299757 11
1369299758 15
1369299759 15
1369299760 233
1369299761 770
1369299762 722
1369299763 664
1369299764 133
1369299765 7
1369299766 0
1369299767 4
1369299768 9
1369299769 5
1369299770 15
1369299771 0
1369299772 5
1369299773 0
1369299774 3
1369299775 0
1369299776 1
1369299777 8
1369299778 4
1369299779 13
1369299780 0
1369299781 1
1369299782 1
1369299783 4
1369299784 1
1369299785 1
1369299786 0
1369299787 0
1369299788 6
1369299789 5
1369299790 14
1369299791 14
1369299792 1
1369299793 4
1369299794 0
1369299795 2
1369299796 4
1369299797 11
1369299798 0
1369299799 0
1369299800 0
1369299801 5
1369299802 6
1369299803 1
1369299804 1
1369299805 10
1369299806 0
1369299807 2
1369299808 0
1369299809 5
1369299810 5
1369299811 3
1369299812 3
1369299813 2
1369299814 1
1369299815 2
1369299816 0
1369299817 7
1369299818 3
1369299819 0
1369299820 0
1369299821 0
1369299822 0
1369299823 0
1369299824 0
1369299825 5
1369299827 34
1369299828 26
1369299829 0
1369299830 0
1369299831 0
1369299832 9
1369299833 0
1369299834 0
1369299835 2
1369299836 0
1369299837 0
1369299838 0
1369299839 3
1369299840 2
1369299841 0
1369299842 0
1369299843 0
1369299844 0
1369299845 19
1369299846 3
