1_128KB
1369301969 0
1369301970 0
1369301971 0
1369301972 0
1369301973 0
1369301974 0
1369301975 0
1369301976 0
1369301977 0
1369301978 0
1369301979 0
1369301980 0
1369301981 0
1369301982 0
1369301983 0
1369301984 0
1369301985 0
1369301986 0
1369301987 0
1369301988 0
1369301989 0
1369301990 0
1369301991 0
1369301992 0
1369301993 0
1369301994 0
1369301995 0
1369301996 0
1369301997 0
1369301998 0
1369301999 0
1369302000 0
1369302001 0
1369302002 0
1369302003 0
1369302004 0
1369302005 0
1369302006 0
1369302007 0
1369302008 0
1369302009 0
1369302010 0
1369302011 0
1369302012 0
1369302013 0
1369302014 0
1369302015 0
1369302016 0
1369302017 0
1369302018 0
1369302019 0
1369302020 0
1369302021 0
1369302022 0
1369302023 0
1369302024 0
1369302025 0
1369302026 0
1369302027 0
1369302028 0
1369302029 0
1369302030 0
1369302031 0
1369302032 0
1369302033 0
1369302034 0
1369302035 0
1369302036 0
1369302037 0
1369302038 0
1369302039 0
1369302040 0
1369302041 0
1369302042 0
1369302043 0
1369302044 0
1369302045 0
1369302046 0
1369302047 0
1369302048 0
1369302049 0
1369302050 0
1369302051 0
1369302052 0
1369302053 0
1369302054 0
1369302055 0
1369302056 0
1369302057 0
1369302058 0
1369302060 0
1369302061 0
1369302062 0
1369302063 0
1369302064 0
1369302065 0
1369302066 0
1369302067 0
1369302068 0
1369302069 0
1369302070 0
1369302071 0
1369302072 0
1369302073 0
1369302074 0
1369302075 0
1369302076 0
1369302077 0
1369302078 0
1369302079 0
1369302080 0
1369302081 0
1369302082 0
1369302083 0
1369302084 0
1369302085 0
1369302086 0
1369302087 0
1369302088 0
1369302089 0
1369302090 0
1369302091 0
1369302092 0
1369302093 0
1369302094 0
1369302095 0
1369302096 0
1369302097 0
1369302098 0
1369302099 0
1369302100 0
1369302101 0
1369302102 0
1369302103 0
1369302104 0
1369302105 0
1369302106 0
1369302107 0
1369302108 0
1369302109 0
1369302110 0
1369302111 0
1369302112 0
1369302113 0
1369302114 0
1369302115 0
1369302116 0
1369302117 0
1369302118 0
1369302119 0
1369302120 0
1369302121 0
1369302122 0
1369302123 0
1369302124 0
1369302125 0
1369302126 0
1369302127 0
1369302128 0
1369302129 0
1369302130 0
1369302131 0
1369302132 0
1369302133 0
1369302134 0
1369302135 0
1369302136 0
1369302137 0
1369302138 0
1369302139 0
1369302140 0
1369302141 0
1369302142 0
1369302143 0
1369302144 0
1369302145 0
1369302146 0
1369302147 0
1369302148 0
1369302149 0
1369302150 0
1369302151 0
1369302152 0
1369302153 0
1369302154 0
1369302155 0
1369302156 0
1369302157 0
1369302158 0
1369302159 0
1369302160 0
1369302161 0
1369302162 0
1369302163 0
1369302164 0
1369302165 0
1369302166 0
1369302167 0
1369302168 0
1369302169 0
1369302170 0
1369302171 0
1369302172 0
1369302173 0
1369302174 0
1369302175 0
1369302176 0
1369302177 0
1369302178 0
1369302179 0
1369302181 0
1369302182 0
1369302183 0
1369302184 0
1369302185 0
1369302186 0
1369302187 0
1369302188 0
1369302189 0
1369302190 0
1369302191 0
1369302192 0
1369302193 0
1369302194 0
1369302195 0
1369302196 0
1369302197 0
1369302198 0
1369302199 0
1369302200 0
1369302201 0
1369302202 0
1369302203 0
1369302204 0
1369302205 0
1369302206 0
1369302207 0
1369302208 0
1369302209 0
1369302210 0
1369302211 0
1369302212 0
1369302213 0
1369302214 0
1369302215 0
1369302216 0
1369302217 0
1369302218 0
1369302219 0
1369302220 0
1369302221 0
1369302222 0
1369302223 0
1369302224 0
1369302225 0
1369302226 0
1369302227 0
1369302228 0
1369302229 0
1369302230 0
1369302231 0
1369302232 0
1369302233 0
1369302234 0
1369302235 0
1369302236 0
1369302237 0
1369302238 0
1369302239 0
1369302240 0
1369302241 0
1369302242 0
1369302243 0
1369302244 0
1369302245 0
1369302246 0
1369302247 0
1369302248 0
1369302249 0
1369302250 0
1369302251 0
1369302252 0
1369302253 0
1369302254 0
1369302255 0
1369302256 0
1369302257 0
1369302258 0
1369302259 0
1369302260 0
1369302261 0
1369302262 0
1369302263 0
1369302264 0
1369302265 0
1369302266 0
1369302267 0
1369302268 0
1369302269 0
1369302270 0
1369302271 0
1369302272 0
1369302273 0
1369302274 0
1369302275 0
1369302276 0
1369302277 0
1369302278 0
1369302279 0
1369302280 0
1369302281 0
1369302282 0
1369302283 0
1369302284 0
1369302285 0
1369302286 0
1369302287 0
1369302288 0
1369302289 0
1369302290 0
