201305271110 18372
201305271023 18153
201305271022 3073
201305271430 402
201305271026 18959
201305271025 18711
201305271024 17991
201305271029 17929
201305271028 18121
201305271427 2650
201305271426 1271
201305271425 52
201305271424 1024
201305271423 3579
201305271422 1491
201305271421 3117
201305271420 100
201305271429 2484
201305271428 2446
201305271111 19116
201305271412 3312
201305271413 1806
201305271410 2942
201305271411 1148
201305271416 2523
201305271417 1925
201305271414 3178
201305271415 541
201305271418 3155
201305271419 1561
201305271050 18004
201305271118 18049
201305271409 2105
201305271408 3016
201305271405 1973
201305271404 3010
201305271407 1834
201305271406 3081
201305271401 2005
201305271400 3017
201305271403 2002
201305271402 3069
201305271346 3179
201305271347 1873
201305271344 3165
201305271345 1904
201305271342 3157
201305271343 1937
201305271340 3154
201305271341 1972
201305271348 3197
201305271349 1923
201305271100 18854
201305271101 18447
201305271102 18218
201305271103 18286
201305271104 18395
201305271105 18343
201305271106 19318
201305271107 17888
201305271108 18068
201305271109 17993
201305271351 1984
201305271350 3142
201305271353 1944
201305271352 3094
201305271355 1924
201305271354 3122
201305271357 1909
201305271356 3170
201305271359 2011
201305271358 3101
201305271027 19023
201305271113 18359
201305271112 19266
201305271058 18694
201305271059 18468
201305271117 17860
201305271116 18971
201305271115 17525
201305271114 18308
201305271052 18000
201305271053 18048
201305271119 3450
201305271051 18016
201305271056 18722
201305271057 18123
201305271054 18180
201305271055 18034
201305271328 2413
201305271329 2946
201305271045 18012
201305271044 18496
201305271047 18130
201305271046 17888
201305271041 18536
201305271040 18284
201305271043 18355
201305271042 17969
201305271049 18316
201305271048 17942
201305271337 1949
201305271336 3172
201305271335 1935
201305271334 3175
201305271333 1770
201305271332 3345
201305271331 1786
201305271330 3335
201305271339 1964
201305271338 3154
201305271030 18104
201305271031 17890
201305271032 18111
201305271033 18442
201305271034 17899
201305271035 18215
201305271036 17918
201305271037 18037
201305271038 18126
201305271039 17889
